0.075253 -0.694815
-0.583173 -0.023383
0.930307 0.614566
-0.683955 0.397596
-0.446604 -0.017393
0.730362 0.821455
0.761028 0.555157
0.107015 -0.464677
-0.735912 0.245796
0.934788 0.864319
0.492727 -0.224166
0.342294 -0.541926
-0.213260 -0.612373
0.889689 0.720351
-0.358444 -0.162134
-0.928245 0.471720
0.003570 -0.504972
-0.735688 0.245225
0.299576 -0.299546
-0.045121 -0.324173
0.638644 0.047717
0.475122 -0.281400
-0.849502 0.829839
0.393254 -0.586920
0.458295 -0.412535
-0.742955 0.709189
0.431940 -0.346035
-0.739686 0.538641
0.525323 -0.083742
-0.260825 -0.106890
0.434069 -0.321168
0.285686 -0.814148
-0.071032 -0.484131
-0.173355 -0.595246
0.333083 -0.086217
-0.935576 0.697776
-0.387380 -0.223714
-0.475213 -0.235799
0.401021 -0.417341
-0.412747 -0.387901
0.253025 -0.462332
0.077581 -0.214206
0.148893 -0.601271
-0.666720 0.489021
0.969511 0.311043
-0.268566 -0.349174
-0.028190 -0.580217
0.205515 -0.509057
0.467509 -0.311020
-0.072307 -0.488466
0.705375 -0.006477
0.719427 0.402992
-0.944117 0.778273
0.830188 0.508346
-0.301181 -0.303352
-0.973436 0.710238
-0.128737 -0.374405
0.367293 -0.260515
-0.605513 -0.031431
0.994128 1.000000
0.593914 -0.420521
0.831658 0.643684
0.227738 -0.557971
-0.791638 0.451244
-0.846939 0.628319
-0.137388 -0.640914
0.024940 -0.714916
0.440676 -0.228244
0.373998 -0.014894
-0.974683 0.776497
-0.736760 0.164820
-0.579593 0.107857
-0.282474 -0.101781
-0.077189 -0.457854
0.622178 0.207170
0.317785 -0.671987
0.012227 -0.649732
-0.832718 0.545411
-0.620223 -0.105593
0.104964 -1.000000
-0.731623 0.572321
0.035777 -0.515906
0.569961 0.000402
-0.742212 0.459466
-0.954355 1.000000
-0.205934 -0.547781
0.873843 0.466774
-0.392382 -0.415418
0.369913 -0.522965
-0.466521 -0.215800
0.082980 -0.807732
-0.684562 0.113117
0.894091 0.670626
-0.693783 0.306089
0.424045 0.114055
0.174611 -0.630853
0.815248 0.634714
-0.034914 -0.386740
-0.642872 0.355707
0.240642 -0.103800
