-0.534806 0.182999
0.595430 -0.160580
0.746222 0.449135
0.997100 1.000000
-0.772040 0.516740
-0.459547 -0.106582
0.541957 -0.190050
-0.258811 -0.639854
0.765323 0.651709
0.156210 -0.661661
0.232171 -0.764377
-0.718857 0.493965
-0.734373 0.375548
-0.443851 -0.301603
-0.051101 -0.522854
0.133802 -0.658316
0.338437 -0.378880
0.456912 -0.343243
0.088213 -0.395687
0.620707 -0.025680
0.924276 0.969453
-0.099692 -0.555856
0.661652 0.304329
0.014165 -0.594899
0.714509 0.074132
0.137594 -0.343565
-0.915689 0.656381
0.975187 0.883576
0.217253 -0.476191
0.806178 0.539508
-0.802837 0.314313
0.736219 0.640831
0.124113 -0.578345
-0.988348 1.000000
0.348641 -0.228329
0.684212 0.454186
-0.304244 -0.469400
0.681126 0.043724
-0.739476 0.173391
0.089704 -0.777279
0.582605 0.127637
-0.919439 0.788482
0.550028 0.171022
0.360329 -0.596254
-0.028856 -0.218122
-0.179581 -0.445630
-0.742011 0.614947
0.121966 -0.224260
-0.289062 -0.517234
0.114741 -0.254141
0.772607 0.451189
-0.971547 1.000000
0.157873 0.059833
-0.938359 0.872642
-0.131236 -0.437512
-0.053751 -0.521962
-0.001099 -0.491647
-0.991585 0.805486
0.421776 -0.210740
-0.544131 0.182052
-0.669017 0.236008
0.148005 -0.338755
0.947292 0.653216
0.316546 -0.268891
0.018183 -0.967856
0.534135 0.040110
-0.992957 1.000000
-0.444731 -0.325914
-0.675355 0.041844
-0.182441 -0.767519
-0.515095 -0.067617
-0.264504 -0.719145
-0.461434 0.062758
-0.170661 -0.605478
0.535154 0.444919
0.814200 0.170913
0.660666 0.143065
-0.980645 1.000000
-0.630486 0.149313
0.744134 0.230600
0.161188 -0.862333
-0.763323 0.656220
-0.807528 0.151179
-0.527839 -0.432593
0.093585 -0.584320
-0.276140 -0.518077
-0.334251 -0.311048
-0.523759 0.071312
0.787199 0.425923
-0.405105 -0.129366
-0.015998 -0.480741
-0.008040 -0.753629
0.801799 0.315010
0.334003 -0.416683
0.315481 -0.457058
0.926974 1.000000
0.264746 -0.390676
-0.979009 0.970081
0.130216 -0.549012
-0.400781 -0.339242
